Train Acc: 0.7042857142857143
Val Acc: 0.7488888888888889
Test Acc: 0.74
Train Loss: 0.6071961040504157
Val Loss: 0.5688411368887728
Test Loss: 0.5764847418383776

{'W1': array([[-0.18296818,  0.0615967 ,  0.10371814, -0.09104867, -0.02440284,
          0.02947193,  0.06932176, -0.20276773],
        [-0.08860402, -0.03325794,  0.07031402,  0.24984305, -0.02280057,
         -0.14069775,  0.04022681,  0.13209958]]),
 'b1': array([[-3.34993642e-12,  1.52439150e-12, -3.68067415e-12,
          9.12692197e-13,  4.55782776e-12, -2.57551261e-12,
          2.03321696e-12,  2.34864907e-12]]),
 'W2': array([[ 0.01080141, -0.09066485,  0.09579939,  0.06635456, -0.10260808,
          0.03814256,  0.09972656,  0.118189  ],
        [-0.0066449 , -0.03580794,  0.12272738, -0.12101605,  0.04385793,
         -0.13700266,  0.10653763, -0.02580455],
        [ 0.12685832,  0.04914128, -0.12232202,  0.14246277,  0.15512453,
          0.08822865, -0.07615879, -0.0306014 ],
        [ 0.01454272, -0.07037104,  0.16923466,  0.01443265, -0.2703348 ,
          0.03393558, -0.03481574, -0.00749266],
        [-0.03686194,  0.08070464,  0.11196878,  0.02830532, -0.03393112,
         -0.00413372,  0.00195996, -0.080243  ],
        [ 0.05789286,  0.04600423,  0.15404412,  0.12553498, -0.06856749,
          0.08202984, -0.09509534,  0.06959321],
        [-0.05166142, -0.10232532,  0.02800453, -0.26745671, -0.17509756,
         -0.01774919,  0.00824418, -0.03693188],
        [-0.15794363, -0.08178918,  0.03912093,  0.05817818, -0.00162231,
          0.11568338,  0.0397397 , -0.07474557]]),
 'b2': array([[-9.06670568e-11,  5.68070277e-11, -1.43692361e-12,
          1.06494815e-11, -4.19606698e-11, -5.68589923e-11,
          3.66926848e-12, -1.06788370e-10]]),
 'W3': array([[-2.80502060e-02, -1.40286616e-01, -1.08138987e-02,
          1.11210061e-01,  6.85290093e-02,  1.40200932e-01,
         -3.02885247e-02,  1.34609979e-01],
        [-1.93304233e-02,  1.47158508e-01, -2.18567446e-03,
          7.07231367e-02,  1.47511237e-01, -1.93427639e-02,
          2.18388984e-02,  1.28886342e-01],
        [-1.33003172e-02, -1.32089228e-01,  2.14300706e-01,
         -4.69764473e-02,  1.58756060e-02,  1.15600666e-01,
         -6.08493908e-02, -1.00786791e-01],
        [ 2.53737290e-02, -1.79307640e-01, -2.87906074e-02,
          2.45038657e-02, -2.69951889e-02, -1.54345095e-01,
          1.59417795e-01,  1.03538154e-02],
        [ 1.43115211e-01, -2.60036249e-02, -8.80011979e-02,
          2.69180914e-02, -2.15787119e-02, -1.17776147e-01,
          1.46978426e-01, -6.22270223e-02],
        [-1.84026639e-01,  1.32816606e-01, -5.04298013e-02,
         -6.07823900e-02, -1.76538758e-01,  1.74094148e-01,
         -1.28948059e-01,  5.84494804e-03],
        [ 9.12620316e-02,  4.21716935e-02, -5.96543089e-03,
         -1.70166587e-01, -8.09724827e-02,  1.87800327e-02,
         -7.87174073e-02,  2.03359460e-02],
        [ 6.81743402e-02,  9.62502887e-02, -1.22617935e-01,
          2.19664605e-01,  7.67479353e-02, -1.71416447e-04,
          1.08953658e-01,  2.36540777e-01]]),
 'b3': array([[-1.38895898e-09,  3.17986714e-10,  6.01436107e-10,
         -1.49578534e-09,  1.63630047e-09, -2.19789111e-09,
         -6.62218959e-10, -6.24946585e-11]]),
 'W4': array([[-0.14387201, -0.02252626, -0.23784316,  0.01926515,  0.03653942,
         -0.00391619, -0.06545336, -0.20495145],
        [ 0.03735337,  0.14554345, -0.05910184,  0.04400599, -0.15681443,
          0.04572132, -0.03933823, -0.07624179],
        [-0.07603636, -0.03936116,  0.03824334, -0.13121632, -0.03971154,
         -0.00414716, -0.10990392,  0.17966652],
        [-0.08534955, -0.06694369, -0.09783079,  0.17984801,  0.05529052,
         -0.09365918,  0.11062316,  0.02006987],
        [ 0.02572534, -0.03444772, -0.07494159,  0.03377661, -0.05450873,
          0.18167558, -0.12692911,  0.15361568],
        [-0.01113188,  0.02990857,  0.08331578, -0.06302493,  0.08642484,
         -0.27075437, -0.07199895, -0.09240628],
        [-0.1253506 , -0.02149548,  0.038575  ,  0.070266  ,  0.02408767,
         -0.06656933,  0.03690164,  0.01242857],
        [ 0.09360562,  0.07769367,  0.00304765, -0.0897253 , -0.06529502,
         -0.05497892, -0.03152663,  0.02680505]]),
 'b4': array([[ 3.47964138e-09,  1.64268285e-09,  1.27628531e-08,
         -5.37089264e-09, -5.91408788e-09,  3.34175659e-08,
         -6.10311875e-10,  7.67660839e-09]]),
 'W5': array([[ 0.07151738, -0.00511211,  0.00161243,  0.01433073, -0.05159053,
         -0.09253919, -0.17554383, -0.06951501],
        [ 0.04731448, -0.0702914 , -0.02378075,  0.04664324,  0.05206895,
         -0.10795324,  0.09970589,  0.11273493],
        [-0.11298505, -0.08238392,  0.11910902, -0.01468525, -0.2219778 ,
         -0.13996811, -0.024937  , -0.11630434],
        [-0.04134245,  0.00323936,  0.14622541, -0.02904528,  0.10725418,
          0.14287606,  0.14343092,  0.02847538],
        [-0.19632898,  0.04608224,  0.10483994, -0.0081066 ,  0.17445838,
          0.0859834 ,  0.0568273 ,  0.108638  ],
        [ 0.03333692, -0.24928129, -0.04991394,  0.11971691, -0.08075914,
         -0.02234721, -0.10448367,  0.17839219],
        [ 0.16814918, -0.08838712,  0.01472976, -0.0680493 ,  0.06149446,
          0.05096835,  0.08117052,  0.03319177],
        [ 0.29354055, -0.10279263, -0.17106038, -0.03930891, -0.15679883,
         -0.14924618, -0.10013151, -0.09221897]]),
 'b5': array([[-1.35191803e-07, -5.08391348e-07, -9.57406752e-08,
          2.24188441e-07, -5.94187439e-09,  8.74015481e-08,
         -8.68057776e-08, -1.51683753e-07]]),
 'W6': array([[-0.0954593 ,  0.05182231, -0.05061995, -0.017952  ,  0.08942139,
         -0.07663214, -0.02645518,  0.03657678],
        [-0.19415473, -0.23849021,  0.03461088,  0.04920098,  0.20642047,
          0.01580958,  0.08197349, -0.01954663],
        [ 0.02972516,  0.16672609, -0.21240029,  0.0413611 ,  0.21355684,
          0.02820353,  0.16505672, -0.06292046],
        [-0.00320238,  0.00335286, -0.22176009, -0.1168183 , -0.10968929,
          0.08220672,  0.08721475,  0.03240438],
        [ 0.08241259, -0.01641456,  0.12019221,  0.00087835,  0.00578468,
         -0.02655916,  0.0684445 , -0.04211917],
        [ 0.09764537, -0.11321455, -0.10989255,  0.06874219, -0.0088561 ,
         -0.04538904,  0.08900525, -0.06072545],
        [-0.02001777,  0.13992318,  0.15391326,  0.15723931, -0.02821435,
          0.1230704 , -0.09489584, -0.09068956],
        [-0.23504312,  0.16728723, -0.08639901, -0.01265379, -0.09103429,
          0.06951664, -0.03756395, -0.13048093]]),
 'b6': array([[ 4.71801294e-06,  7.80636063e-07, -1.95443467e-06,
         -1.02137056e-06, -3.54410505e-06,  2.13658894e-07,
         -1.11376723e-06,  1.46175938e-06]]),
 'W7': array([[ 4.41747894e-02, -1.43394899e-01, -8.37739665e-02,
         -2.10669199e-01, -1.42434140e-01,  1.78747020e-02,
         -1.96463599e-01, -1.48106028e-01],
        [-2.27078377e-04, -5.43858710e-02,  1.99165259e-01,
          1.83412325e-01, -8.68363256e-02,  5.57388155e-02,
          7.49167612e-02, -5.97380598e-02],
        [-1.49545743e-01, -1.25142644e-03, -1.73174816e-02,
         -4.35570201e-02,  4.41939090e-02, -7.50514887e-02,
         -1.15209606e-01,  1.09167183e-02],
        [ 3.86066924e-02, -1.17689342e-01,  9.27711659e-02,
         -1.77025744e-01, -5.78548408e-02, -2.57761322e-02,
         -6.36337133e-02, -5.64963516e-02],
        [ 1.87117365e-01, -8.51138560e-02,  2.44083363e-01,
          4.37355877e-02,  9.16096934e-03,  4.76493533e-02,
          2.52981159e-01, -9.93493707e-02],
        [-1.12032081e-01, -7.55115383e-02,  3.17631104e-03,
         -1.72554679e-01,  2.19030451e-03,  1.69379506e-01,
          1.51293645e-02, -2.92588224e-02],
        [-6.18059916e-02,  8.98253731e-02, -8.26226211e-02,
          1.84662817e-01,  1.93290817e-01,  2.57007463e-02,
         -1.16328446e-03,  1.03076047e-01],
        [ 1.09488383e-01, -8.06210700e-02, -5.26889084e-02,
         -1.32215030e-01,  4.08681640e-02,  6.66845741e-02,
         -1.35002559e-01, -4.55113461e-02]]),
 'b7': array([[ 1.86274696e-05, -4.77993376e-05, -7.28991450e-05,
          4.30331278e-05, -8.36713838e-05,  4.75567822e-05,
         -2.18188053e-05,  1.86516999e-05]]),
 'W8': array([[-0.13456699, -0.09013813,  0.05551385, -0.07327448, -0.02973155,
         -0.16287949,  0.01894211, -0.00449896],
        [-0.07275771, -0.01912667,  0.01838909, -0.08142248, -0.14731996,
          0.18042803, -0.06311517, -0.0097385 ],
        [ 0.1012532 ,  0.35262973, -0.12400833,  0.04506149, -0.07038019,
         -0.05403748, -0.0717615 , -0.11264202],
        [-0.00398396, -0.14768685,  0.09505847,  0.00556786,  0.04256522,
         -0.04675479, -0.03649761,  0.02869075],
        [-0.11624843, -0.03605431, -0.08555381, -0.08898398, -0.2106367 ,
          0.133786  , -0.0684135 ,  0.11626678],
        [ 0.10704679, -0.12887304, -0.10840516,  0.25612829,  0.17546394,
         -0.00330874,  0.02599445, -0.06316041],
        [ 0.04338695, -0.07196538, -0.20284072, -0.13208498,  0.00244543,
         -0.11324875, -0.00649498, -0.10753469],
        [-0.07809161,  0.08508222,  0.02512215, -0.00089952,  0.08821504,
          0.04792624,  0.14487697, -0.04605094]]),
 'b8': array([[ 0.00031202, -0.00050849,  0.00081184,  0.00014523,  0.00069149,
         -0.00029215,  0.00047883, -0.00014109]]),
 'W9': array([[-0.04113336, -0.12992587, -0.0409853 ,  0.09854892,  0.133529  ,
          0.09910984, -0.17640687,  0.11154218],
        [-0.18197562,  0.09000133, -0.03481751,  0.07237744, -0.12962555,
          0.12027372, -0.14340921, -0.06353645],
        [-0.09808464, -0.175254  ,  0.01125547,  0.18256162,  0.27001758,
          0.01261767,  0.11450705,  0.02625134],
        [ 0.05176126, -0.0340255 ,  0.0214652 ,  0.05586826, -0.05423313,
         -0.00459807, -0.00276023,  0.08594349],
        [-0.10477812, -0.00496962,  0.19310805,  0.11847224,  0.13843839,
          0.00551399,  0.03510373,  0.10344234],
        [ 0.15789546, -0.1949713 , -0.1295898 ,  0.13306135, -0.02408189,
         -0.06402579, -0.12233828, -0.05220382],
        [-0.13837647,  0.20929757, -0.00029914, -0.00368879,  0.0623964 ,
          0.09936485,  0.09765102,  0.11064331],
        [-0.06129211, -0.0296055 ,  0.07877654, -0.05070965,  0.00294695,
          0.04289232,  0.08146882, -0.17460687]]),
 'b9': array([[0.00378001, 0.00038213, 0.00395068, 0.00427941, 0.00729157,
         0.00636017, 0.00622176, 0.00666654]]),
 'W10': array([[0.13759767],
        [0.04551079],
        [0.14580341],
        [0.16173925],
        [0.24086964],
        [0.21426172],
        [0.2057252 ],
        [0.22039948]]),
 'b10': array([[0.1469938]])}
